<Robot>
	<DoF>
		21
	</DoF>
	<Name>
		HOAP
	</Name>
	<State>
		<right_foot_ID>
			7
		</right_foot_ID>
		<left_foot_ID>
			13
		</left_foot_ID>
	</State>
	<Link no="1">
		<Name>
			BODY_J2
		</Name>
		<m>
			4.170000e-001
		</m>
		<color>
			3
		</color>
		<sister>
			0
		</sister>
		<child>
			2
		</child>
		<a>
			0.000000 0.000000 1.000000
		</a>
		<b>
			0.000000 0.000000 0.000000
		</b>
		<p>
			0.000000 0.000000 0.600000
		</p>
		<c>
			2.729300e-003 3.291720e-004 6.613750e-002 
		</c>
		<R>
			1.000000 0.000000 0.000000 0.000000 1.000000 0.000000 0.000000 0.000000 1.000000
		</R>
		<I>
			6.607770e-007 -4.934440e-009 6.746470e-009 -4.934440e-009 1.701780e-007 1.517770e-009 6.746470e-009 1.517770e-009 6.421170e-007 
		</I>
	</Link>
	<Link no="2">
		<Name>
			RLEG_J1
		</Name>
		<m>
			5.87e-02
		</m>
		<color>
			2
		</color>
		<sister>
			8
		</sister>
		<child>
			3
		</child>
		<qmin>
			-90.000000
		</qmin>
		<qmax>
			30.000000
		</qmax>
		<qmoy>
			0.000000
		</qmoy>
		<umin>
			-1.500000
		</umin>
		<umax>
			1.500000
		</umax>
		<a>
			0.000000 0.000000 1.000000
		</a>
		<b>
			0.000000 -0.039000 0.000000 
		</b>
		<p>
			0.046800 -0.162500 1.127700
		</p>
		<c>
			2.239900e-003 -3.015000e-003 3.358460e-002 
		</c>
		<R>
			1.000000 0.000000 0.000000 0.000000 1.000000 0.000000 0.000000 0.000000 1.000000
		</R>
		<I>
			4.320460e-008 -4.076920e-010 2.937630e-009 -4.076920e-010 5.982510e-008 5.704580e-009 2.937630e-009 5.704580e-009 2.957610e-008 
		</I>
	</Link>
	<Link no="3">
		<Name>
			RLEG_J2
		</Name>
		<m>
			2.10e-01
		</m>
		<color>
			2
		</color>
		<sister>
			0
		</sister>
		<child>
			4
		</child>
		<qmin>
			-30.000000
		</qmin>
		<qmax>
			20.000000
		</qmax>
		<qmoy>
			0.000000
		</qmoy>
		<umin>
			-2.000000
		</umin>
		<umax>
			2.000000
		</umax>
		<a>
			1.000000 0.000000 0.000000
		</a>
		<b>
			0.000000 0.000000 0.000000
		</b>
		<p>
			0.046800 -0.155000 1.127700
		</p>
		<c>
			2.377800e-003 -1.134820e-003 -2.726970e-003 
		</c>
		<R>
			1.000000 0.000000 0.000000 0.000000 1.000000 0.000000 0.000000 0.000000 1.000000
		</R>
		<I>
			5.473650e-008 -5.138790e-010 4.500110e-010 -5.138790e-010 5.870960e-008 8.935970e-010 4.500110e-010 8.935970e-010 6.941430e-008 
		</I>
	</Link>
	<Link no="4">
		<Name>
			RLEG_J3
		</Name>
		<m>
			 5.19e-01
		</m>
		<color>
			2
		</color>
		<sister>
			0
		</sister>
		<child>
			5
		</child>
		<qmin>
			-81.000000
		</qmin>
		<qmax>
			70.000000
		</qmax>
		<qmoy>
			-18.000000
		</qmoy>
		<umin>
			-1.500000
		</umin>
		<umax>
			1.500000
		</umax>
		<a>
			0.000000 1.000000 0.000000
		</a>
		<b>
			0.000000 0.000000 0.000000
		</b>
		<p>
			0.046800 -0.155000 1.127700
		</p>
		<c>
			6.165080e-003 -3.263920e-003 -6.982080e-002 
		</c>
		<R>
			1.000000 0.000000 0.000000 0.000000 1.000000 0.000000 0.000000 0.000000 1.000000
		</R>
		<I>
			7.154350e-007 -1.853340e-008 -1.046600e-008 -1.853340e-008 6.696590e-007 2.861760e-008 -1.046600e-008 2.861760e-008 3.334370e-007 
		</I>
	</Link>
	<Link no="5">
		<Name>
			RLEG_J4
		</Name>
		<m>
			 3.28e-01
		</m>
		<color>
			0
		</color>
		<sister>
			0
		</sister>
		<child>
			6
		</child>
		<qmin>
			-1.000000
		</qmin>
		<qmax>
			129.000000
		</qmax>
		<qmoy>
			45.000000
		</qmoy>
		<umin>
			-2.000000
		</umin>
		<umax>
			2.000000
		</umax>
		<a>
			0.000000 1.000000 0.000000
		</a>
		<b>
			0.000000 0.000000 -0.105000 
		</b>
		<p>
			0.046800 -0.155000 0.620400
		</p>
		<c>
			5.367850e-003 -4.697500e-003 -5.085210e-002 
		</c>
		<R>
			1.000000 0.000000 0.000000 0.000000 1.000000 0.000000 0.000000 0.000000 1.000000
		</R>
		<I>
			3.347380e-007 -9.481670e-009 -2.630540e-008 -9.481670e-009 2.734830e-007 -1.527110e-008 -2.630540e-008 -1.527110e-008 2.140040e-007 
		</I>
	</Link>
	<Link no="6">
		<Name>
			RLEG_J5
		</Name>
		<m>
			1.95e-01
		</m>
		<color>
			1
		</color>
		<sister>
			0
		</sister>
		<child>
			7
		</child>
		<qmin>
			-60.000000
		</qmin>
		<qmax>
			60.000000
		</qmax>
		<qmoy>
			-28.000000
		</qmoy>
		<umin>
			-2.000000
		</umin>
		<umax>
			2.000000
		</umax>
		<a>
			0.000000 1.000000 0.000000
		</a>
		<b>
			0.000000 0.000000 -0.105000 
		</b>
		<p>
			0.046800 -0.155000 0.110400
		</p>
		<c>
			3.668530e-003 -1.337460e-003 2.936690e-003 
		</c>
		<R>
			1.000000 0.000000 0.000000 0.000000 1.000000 0.000000 0.000000 0.000000 1.000000
		</R>
		<I>
			5.297500e-008 -9.549110e-010 2.969800e-010 -9.549110e-010 5.279060e-008 -5.857400e-010 2.969800e-010 -5.857400e-010 6.354590e-008 
		</I>
	</Link>
	<Link no="7">
		<Name>
			RLEG_J6
		</Name>
		<m>
			1.54e-01
		</m>
		<color>
			1
		</color>
		<sister>
			0
		</sister>
		<child>
			0
		</child>
		<qmin>
			-24.000000
		</qmin>
		<qmax>
			24.000000
		</qmax>
		<qmoy>
			0.000000
		</qmoy>
		<umin>
			-1.500000
		</umin>
		<umax>
			1.500000
		</umax>
		<a>
			1.000000 0.000000 0.000000
		</a>
		<b>
			0.000000 0.000000 0.000000
		</b>
		<p>
			0.046800 -0.155000 0.110400
		</p>
		<c>
			8.276420e-003 -3.241670e-003 -2.922360e-002 
		</c>
		<R>
			1.000000 0.000000 0.000000 0.000000 1.000000 0.000000 0.000000 0.000000 1.000000
		</R>
		<I>
			8.203490e-008 3.479880e-009 1.634110e-008 3.479880e-009 1.783100e-007 -3.301790e-009 1.634110e-008 -3.301790e-009 2.192620e-007 
		</I>
	</Link>
	<Link no="8">
		<Name>
			LLEG_J1
		</Name>
		<m>
			5.87e-02
		</m>
		<color>
			2
		</color>
		<sister>
			14
		</sister>
		<child>
			9
		</child>
		<qmin>
			-30.000000
		</qmin>
		<qmax>
			90.000000
		</qmax>
		<qmoy>
			0.000000
		</qmoy>
		<umin>
			-1.500000
		</umin>
		<umax>
			1.500000
		</umax>
		<a>
			0.000000 0.000000 1.000000
		</a>
		<b>
			0.000000 0.039000 0.000000 
		</b>
		<p>
			0.046800 0.162500 1.127700
		</p>
		<c>
			2.250880e-003 3.004490e-003 3.358460e-002 
		</c>
		<R>
			1.000000 0.000000 0.000000 0.000000 1.000000 0.000000 0.000000 0.000000 1.000000
		</R>
		<I>
			4.320830e-008 3.859050e-010 2.911550e-009 3.859050e-010 5.982220e-008 -5.715940e-009 2.911550e-009 -5.715940e-009 2.957690e-008 
		</I>
	</Link>
	<Link no="9">
		<Name>
			LLEG_J2
		</Name>
		<m>
			2.10e-01
		</m>
		<color>
			2
		</color>
		<sister>
			0
		</sister>
		<child>
			10
		</child>
		<qmin>
			-20.000000
		</qmin>
		<qmax>
			30.000000
		</qmax>
		<qmoy>
			0.000000
		</qmoy>
		<umin>
			-2.000000
		</umin>
		<umax>
			2.000000
		</umax>
		<a>
			1.000000 0.000000 0.000000
		</a>
		<b>
			0.000000 0.000000 0.000000
		</b>
		<p>
			0.046800 0.162500 1.127700
		</p>
		<c>
			2.386650e-003 1.247230e-003 -2.711790e-003 
		</c>
		<R>
			1.000000 0.000000 0.000000 0.000000 1.000000 0.000000 0.000000 0.000000 1.000000
		</R>
		<I>
			5.455640e-008 6.183310e-010 4.431050e-010 6.183310e-010 5.856970e-008 -5.119670e-010 4.431050e-010 -5.119670e-010 6.932380e-008 
		</I>
	</Link>
	<Link no="10">
		<Name>
			LLEG_J3
		</Name>
		<m>
			5.19e-01
		</m>
		<color>
			2
		</color>
		<sister>
			0
		</sister>
		<child>
			11
		</child>
		<qmin>
			-81.000000
		</qmin>
		<qmax>
			70.000000
		</qmax>
		<qmoy>
			-18.000000
		</qmoy>
		<umin>
			-1.500000
		</umin>
		<umax>
			1.500000
		</umax>
		<a>
			0.000000 1.000000 0.000000
		</a>
		<b>
			0.000000 0.000000 0.000000
		</b>
		<p>
			0.046800 0.155000 1.127700
		</p>
		<c>
			6.276420e-003 3.315020e-003 -6.992240e-002 
		</c>
		<R>
			1.000000 0.000000 0.000000 0.000000 1.000000 0.000000 0.000000 0.000000 1.000000
		</R>
		<I>
			7.143610e-007 2.112880e-008 -1.042990e-008 2.112880e-008 6.690440e-007 -2.934710e-008 -1.042990e-008 -2.934710e-008 3.331240e-007 
		</I>
	</Link>
	<Link no="11">
		<Name>
			LLEG_J4
		</Name>
		<m>
			3.28e-01
		</m>
		<color>
			0
		</color>
		<sister>
			0
		</sister>
		<child>
			12
		</child>
		<qmin>
			-1.000000
		</qmin>
		<qmax>
			129.000000
		</qmax>
		<qmoy>
			45.000000
		</qmoy>
		<umin>
			-2.000000
		</umin>
		<umax>
			2.000000
		</umax>
		<a>
			0.000000 1.000000 0.000000
		</a>
		<b>
			0.000000 0.000000 -0.105000  
		</b>
		<p>
			0.046800 0.155000 0.620400
		</p>
		<c>
			5.370310e-003 4.877730e-003 -5.083860e-002 
		</c>
		<R>
			1.000000 0.000000 0.000000 0.000000 1.000000 0.000000 0.000000 0.000000 1.000000
		</R>
		<I>
			3.317720e-007 8.607180e-009 -2.628260e-008 8.607180e-009 2.735170e-007 1.583570e-008 -2.628260e-008 1.583570e-008 2.109890e-007 
		</I>
	</Link>
	<Link no="12">
		<Name>
			LLEG_J5
		</Name>
		<m>
			1.95e-01
		</m>
		<color>
			1
		</color>
		<sister>
			0
		</sister>
		<child>
			13
		</child>
		<qmin>
			-60.000000
		</qmin>
		<qmax>
			60.000000
		</qmax>
		<qmoy>
			-28.000000
		</qmoy>
		<umin>
			-2.000000
		</umin>
		<umax>
			2.000000
		</umax>
		<a>
			0.000000 1.000000 0.000000
		</a>
		<b>
			0.000000 0.000000 -0.105000 
		</b>
		<p>
			0.046800 0.155000 0.110400
		</p>
		<c>
			3.692190e-003 1.197310e-003 2.920570e-003 
		</c>
		<R>
			1.000000 0.000000 0.000000 0.000000 1.000000 0.000000 0.000000 0.000000 1.000000
		</R>
		<I>
			5.314600e-008 8.924630e-010 2.675850e-010 8.924630e-010 5.269050e-008 8.673800e-010 2.675850e-010 8.673800e-010 6.355420e-008 
		</I>
	</Link>
	<Link no="13">
		<Name>
			LLEG_J6
		</Name>
		<m>
			1.54e-01
		</m>
		<color>
			1
		</color>
		<sister>
			0
		</sister>
		<child>
			0
		</child>
		<qmin>
			-24.000000
		</qmin>
		<qmax>
			24.000000
		</qmax>
		<qmoy>
			0.000000
		</qmoy>
		<umin>
			-1.500000
		</umin>
		<umax>
			1.500000
		</umax>
		<a>
			1.000000 0.000000 0.000000
		</a>
		<b>
			0.000000 0.000000 0.000000
		</b>
		<p>
			0.046800 0.155000 0.110400
		</p>
		<c>
			8.276420e-003 3.346200e-003 -2.922360e-002 
		</c>
		<R>
			1.000000 0.000000 0.000000 0.000000 1.000000 0.000000 0.000000 0.000000 1.000000
		</R>
		<I>
			8.192870e-008 -2.846940e-009 1.634110e-008 -2.846940e-009 1.783100e-007 2.722050e-009 1.634110e-008 2.722050e-009 2.191560e-007 
		</I>
	</Link>
	<Link no="14">
		<Name>
			BODY_J1
		</Name>
		<m>
			2.4e+000
		</m>
		<color>
			4
		</color>
		<sister>
			0
		</sister>
		<child>
			15
		</child>
		<qmin>
			-1.000000
		</qmin>
		<qmax>
			90.000000
		</qmax>
		<qmoy>
			10.000000
		</qmoy>
		<umin>
			-2.000000
		</umin>
		<umax>
			2.000000
		</umax>
		<a>
			0.000000 1.000000 0.000000
		</a>
		<b>
			0.035000 0.000000 0.055000
		</b>
		<p>
			0.000000 0.000000 1.427700
		</p>
		<c>
			-6.864880e-002 1.251420e-003 8.451050e-002 
		</c>
		<R>
			1.000000 0.000000 0.000000 0.000000 1.000000 0.000000 0.000000 0.000000 1.000000
		</R>
		<I>
			1.099180e-005 2.310870e-007 6.254100e-007 2.310870e-007 1.354900e-005 1.535880e-007 6.254100e-007 1.535880e-007 1.166140e-005 
		</I>
	</Link>
	<Link no="15">
		<Name>
			RARM_J1
		</Name>
		<m>
			2.10e-01
		</m>
		<color>
			5
		</color>
		<sister>
			19
		</sister>
		<child>
			16
		</child>
		<qmin>
			-60.000000
		</qmin>
		<qmax>
			180.000000
		</qmax>
		<qmoy>
			90.000000
		</qmoy>
		<umin>
			-1.500000
		</umin>
		<umax>
			1.500000
		</umax>
		<a>
			0.000000 1.000000 0.000000
		</a>
		<b>
			-0.035000 -0.111000 0.125000
		</b>
		<p>
			0.000000 -0.200000 1.827700
		</p>
		<c>
			8.283670e-005 6.348240e-003 -6.668080e-003 
		</c>
		<R>
			1.000000 0.000000 0.000000 0.000000 1.000000 0.000000 0.000000 0.000000 1.000000
		</R>
		<I>
			8.666880e-008 -5.211410e-010 -6.585210e-011 -5.211410e-010 7.296230e-008 -3.249620e-009 -6.585210e-011 -3.249620e-009 6.699630e-008 
		</I>
	</Link>
	<Link no="16">
		<Name>
			RARM_J2
		</Name>
		<m>
			2.34e-01
		</m>
		<color>
			5
		</color>
		<sister>
			0
		</sister>
		<child>
			17
		</child>
		<qmin>
			-95.000000
		</qmin>
		<qmax>
			1.000000
		</qmax>
		<qmoy>
			-10.000000
		</qmoy>
		<umin>
			-1.500000
		</umin>
		<umax>
			1.500000
		</umax>
		<a>
			1.000000 0.000000 0.000000
		</a>
		<b>
			0.000000 0.000000 0.000000
		</b>
		<p>
			0.000000 -0.200000 1.827700
		</p>
		<c>
			4.638480e-002 -6.575600e-004 -3.773950e-003 
		</c>
		<R>
			1.000000 0.000000 0.000000 0.000000 1.000000 0.000000 0.000000 0.000000 1.000000
		</R>
		<I>
			9.556470e-008 -4.380020e-009 -1.094800e-008 -4.380020e-009 1.902080e-007 -1.910980e-010 -1.094800e-008 -1.910980e-010 1.669130e-007 
		</I>
	</Link>
	<Link no="17">
		<Name>
			RARM_J3
		</Name>
		<m>
			1.965e-01
		</m>
		<color>
			6
		</color>
		<sister>
			0
		</sister>
		<child>
			18
		</child>
		<qmin>
			-90.000000
		</qmin>
		<qmax>
			90.000000
		</qmax>
		<qmoy>
			0.000000
		</qmoy>
		<umin>
			-1.500000
		</umin>
		<umax>
			1.500000
		</umax>
		<a>
			0.000000 0.000000 1.000000
		</a>
		<b>
			0.000000 0.000000 0.000000
		</b>
		<p>
			0.000000 -0.200000 1.427700
		</p>
		<c>
			-2.204520e-003 1.602450e-003 -2.721890e-003 
		</c>
		<R>
			1.000000 0.000000 0.000000 0.000000 1.000000 0.000000 0.000000 0.000000 1.000000
		</R>
		<I>
			6.806590e-008 -6.020010e-010 1.212880e-009 -6.020010e-010 5.291420e-008 1.211590e-010 1.212880e-009 1.211590e-010 6.499720e-008 
		</I>
	</Link>
	<Link no="18">
		<Name>
			RARM_J4
		</Name>
		<m>
			2.16e-01
		</m>
		<color>
			5
		</color>
		<sister>
			0
		</sister>
		<child>
			0
		</child>
		<qmin>
			-114.000000
		</qmin>
		<qmax>
			1.000000
		</qmax>
		<qmoy>
			-42.000000
		</qmoy>
		<umin>
			-1.500000
		</umin>
		<umax>
			1.500000
		</umax>
		<a>
			0.000000 1.000000 0.000000
		</a>
		<b>
			0.111000 0.000000 0.000000 
		</b>
		<p>
			0.000000 -0.200000 1.827700
		</p>
		<c>
			6.642250e-002 -6.155120e-004 1.002370e-003 
		</c>
		<R>
			1.000000 0.000000 0.000000 0.000000 1.000000 0.000000 0.000000 0.000000 1.000000
		</R>
		<I>
			1.033810e-007 2.204970e-008 -4.532390e-010 2.204970e-008 3.365960e-007 8.951130e-010 -4.532390e-010 8.951130e-010 3.605670e-007 
		</I>
	</Link>
	<Link no="19">
		<Name>
			LARM_J1
		</Name>
		<m>
			2.10e-01
		</m>
		<color>
			5
		</color>
		<sister>
			0
		</sister>
		<child>
			20
		</child>
		<qmin>
			-60.000000
		</qmin>
		<qmax>
			180.000000
		</qmax>
		<qmoy>
			90.000000
		</qmoy>
		<umin>
			-1.500000
		</umin>
		<umax>
			1.500000
		</umax>
		<a>
			0.000000 1.000000 0.000000
		</a>
		<b>
			-0.035000 0.111000 0.125000 
		</b>
		<p>
			0.000000 0.200000 1.827700
		</p>
		<c>
			-3.641970e-005 -6.348250e-003 -6.641740e-003 
		</c>
		<R>
			1.000000 0.000000 0.000000 0.000000 1.000000 0.000000 0.000000 0.000000 1.000000
		</R>
		<I>
			8.667600e-008 2.136510e-010 -8.543310e-011 2.136510e-010 7.297060e-008 3.148700e-009 -8.543310e-011 3.148700e-009 6.699750e-008 
		</I>
	</Link>
	<Link no="20">
		<Name>
			LARM_J2
		</Name>
		<m>
			2.34e-01
		</m>
		<color>
			5
		</color>
		<sister>
			0
		</sister>
		<child>
			21
		</child>
		<qmin>
			-1.000000
		</qmin>
		<qmax>
			95.000000
		</qmax>
		<qmoy>
			10.000000
		</qmoy>
		<umin>
			-1.500000
		</umin>
		<umax>
			1.500000
		</umax>
		<a>
			1.000000 0.000000 0.000000
		</a>
		<b>
			0.000000 0.000000 0.000000
		</b>
		<p>
			0.000000 0.200000 1.827700
		</p>
		<c>
			4.636190e-002 7.472180e-004 -3.774030e-003 
		</c>
		<R>
			1.000000 0.000000 0.000000 0.000000 1.000000 0.000000 0.000000 0.000000 1.000000
		</R>
		<I>
			9.553490e-008 4.538650e-009 -1.081960e-008 4.538650e-009 1.907010e-007 4.727380e-010 -1.081960e-008 4.727380e-010 1.673770e-007 
		</I>
	</Link>
	<Link no="21">
		<Name>
			LARM_J3
		</Name>
		<m>
			1.965e-01
		</m>
		<color>
			6
		</color>
		<sister>
			0
		</sister>
		<child>
			22
		</child>
		<qmin>
			-90.000000
		</qmin>
		<qmax>
			90.000000
		</qmax>
		<qmoy>
			0.000000
		</qmoy>
		<umin>
			-1.500000
		</umin>
		<umax>
			1.500000
		</umax>
		<a>
			0.000000 0.000000 1.000000
		</a>
		<b>
			0.000000 0.000000 0.000000
		</b>
		<p>
			0.000000 0.200000 1.427700
		</p>
		<c>
			-2.090190e-003 -1.602270e-003 -2.709910e-003 
		</c>
		<R>
			1.000000 0.000000 0.000000 0.000000 1.000000 0.000000 0.000000 0.000000 1.000000
		</R>
		<I>
			6.810490e-008 5.663210e-010 1.663160e-009 5.663210e-010 5.304260e-008 -1.249470e-010 1.663160e-009 -1.249470e-010 6.510940e-008 
		</I>
	</Link>
	<Link no="22">
		<Name>
			LARM_J4
		</Name>
		<m>
			2.16e-01
		</m>
		<color>
			5
		</color>
		<sister>
			0
		</sister>
		<child>
			0
		</child>
		<qmin>
			-114.000000
		</qmin>
		<qmax>
			1.000000
		</qmax>
		<qmoy>
			-42.000000
		</qmoy>
		<umin>
			-1.500000
		</umin>
		<umax>
			1.500000
		</umax>
		<a>
			0.000000 1.000000 0.000000
		</a>
		<b>
			0.111000 0.000000 0.000000 
		</b>
		<p>
			0.000000 0.200000 1.827700
		</p>
		<c>
			6.647660e-002 5.586290e-004 9.620910e-004 
		</c>
		<R>
			1.000000 0.000000 0.000000 0.000000 1.000000 0.000000 0.000000 0.000000 1.000000
		</R>
		<I>
			1.033030e-007 -2.223010e-008 -7.349620e-010 -2.223010e-008 3.352280e-007 -7.266300e-010 -7.349620e-010 -7.266300e-010 3.590700e-007 
		</I>
	</Link>
	<Contacts>
		<solid>
			5
		</solid>
		<Contact no='1'>
			<body>
				7
			</body>
			<supportHeight>
				0.000000
			</supportHeight>
			<shape>
				0.108000 0.073000 0.010000
			</shape>
			<com>
				0.014000 0.005000 -0.035000
			</com>
		</Contact>
		<Contact no='2'>
			<body>
				13
			</body>
			<supportHeight>
				0.000000
			</supportHeight>
			<shape>
				0.108000 0.073000 0.010000
			</shape>
			<com>
				0.014000 0.005000 -0.035000
			</com>
		</Contact>
		<Contact no='3'>
			<body>
				14
			</body>
			<supportHeight>
				0.000000
			</supportHeight>
			<shape>
				0.050000 0.160000 0.160000
			</shape>
			<com>
				-0.020000 0.000000 0.110000
			</com>
		</Contact>
		<Contact no='4'>
			<body>
				18
			</body>
			<supportHeight>
				0.000000
			</supportHeight>
			<shape>
				0.100000 0.020000 0.0200000
			</shape>
			<com>
				0.070000 0.000000 0.0000000
			</com>
		</Contact>
		<Contact no='5'>
			<body>
				22
			</body>
			<supportHeight>
				0.000000
			</supportHeight>
			<shape>
				0.100000 0.020000 0.0200000
			</shape>
			<com>
				0.070000 0.000000 0.0000000
			</com>
		</Contact>
	</Contacts>
</Robot>
